[app/ui]
version = 7.1.2
modtime = 1532551230.106568000

[app/launcher]
version = 7.1.2
modtime = 1532551230.112053000
